1782 167 56 4 50 16 101 0 291 119 27 130 466 84 3
214 77 96 0 8 29 93 0 59 23 45 63 262 46 2
525 67 87 0 0 27 86 0 160 122 2 67 257 32 0
118 0 0 0 0 13 0 0 31 7 0 29 86 0 4
324 24 6 3 81 6 51 0 22 50 1 56 170 12 11
238 51 19 0 5 62 34 0 87 29 0 12 98 50 0
850 141 43 4 12 0 138 0 396 93 2 182 536 55 18
0 0 0 0 0 0 0 0 0 0 0 0 0 0 0
667 50  55 3 15 16 313 0 488 2 49 120 347 11 7
439 77 62 33 49 20 409 0 15 202 1 58 218 0 5
212 64 33 0 3 0 6 0 36 2 50 12 13 0 2
510 82 179 33 58 53 106 0 117 7 66 0 226 1 13
473 79 102 30 90 129 246 0 149 32 20 11 294 44 7
615 63 130 0 14 219 222 0 11 0 0 1 90 80 0
110 0 0 0 21 0 52 0 21 0 0 75 106 0 105